96
 generated by VMD
  1         -9.963940       20.171600       -4.055250
  1         -9.232420       20.319901       -6.593090
  1         -5.293940       19.711300       -5.308230
  1         -8.605930       21.087200       -8.857780
  1         -6.713670       20.606501       -7.092420
  1         -6.779450       20.571501       -7.133250
  1         -8.359820       18.973600      -10.196200
  1         -5.525110       22.195601       -8.580700
  1         -6.410940       18.657600       -8.665600
  1         -4.518030       19.521400      -10.118700
  1         -4.386330       22.778900       -6.459610
  1         -3.323280       20.946301       -8.480810
  1         -2.878630       24.186300       -8.010340
  1         -3.724270       19.721100      -10.677700
  1         -3.999430       22.756599      -10.062800
  1         -1.482630       20.934099      -10.521300
  1         -2.481270       21.749399       -8.456650
  1         -1.821850       18.718000      -15.699100
  1         -3.106580       21.916599      -12.278100
  1         -1.317760       20.574100      -14.070100
  1         -2.124720       20.738100      -14.215600
  1         -1.986830       17.277100      -13.571600
  1         -0.261079       18.477501      -14.954600
  1         -2.375650       19.620600      -14.509200
  1         -0.687931       19.353901      -12.678200
  2        -31.212999      -69.374702       52.803398
  2        -29.946301      -68.745300       52.807800
  2        -29.218599      -68.274498       51.679901
  2        -29.741501      -68.097198       50.445900
  3        -27.865200      -67.884598       51.817101
  4        -27.740801      -66.509003       52.178200
  4        -26.368900      -65.997398       51.762699
  4        -25.282499      -66.806801       52.487499
  4        -26.215599      -66.058899       50.204300
  4        -26.379801      -64.484703       52.163898
  3        -25.046499      -63.902401       51.914001
  2        -25.166599      -62.500599       52.139702
  5        -24.936399      -61.949402       53.402599
  2        -25.568001      -61.705002       51.081501
  2        -25.766300      -60.368401       51.017502
  3        -26.197100      -67.475197       49.732201
  4        -25.765200      -67.588203       48.339500
  4        -25.359200      -69.106499       48.071701
  4        -24.018900      -69.472504       48.856400
  4        -26.517200      -69.997498       48.663700
  3        -26.712000      -69.890800       50.123199
  4        -25.222200      -69.282303       46.573799
  3        -24.503099      -70.448402       46.287899
  2        -24.510201      -70.578598       44.864300
  5        -25.666800      -71.060997       44.278999
  2        -23.393700      -70.172997       44.140400
  2        -23.164600      -70.449203       42.816002
  3        -22.956800      -68.612602       48.350899
  2        -22.035500      -68.315201       49.412998
  5        -21.016500      -69.200500       49.591999
  2        -22.140499      -67.128899       50.122799
  2        -21.197599      -66.710503       51.099899
  3        -25.236300      -66.644096       53.950298
  2        -23.944901      -66.903702       54.453800
  5        -23.739201      -68.076797       55.060799
  2        -22.983801      -65.868103       54.389801
  2        -21.624701      -65.908302       54.648300
  6        -31.499599      -69.780197       53.767700
  6        -31.737200      -69.536499       51.867802
  6        -29.416201      -68.715202       53.753601
  6        -30.793699      -68.236298       50.222900
  6        -29.082001      -67.877403       49.613400
  6        -27.914400      -66.397598       53.271500
  6        -28.545401      -65.875900       51.742802
  6        -24.348700      -66.465797       51.987900
  6        -25.320801      -67.893700       52.252899
  6        -25.285601      -65.496696       49.965900
  6        -26.979099      -65.483299       49.635399
  6        -26.679501      -64.374001       53.229599
  6        -27.161900      -64.045700       51.505501
  6        -25.572599      -62.260799       50.150200
  6        -25.723101      -59.677799       51.852699
  6        -25.990499      -59.818600       50.109798
  6        -24.896299      -66.900200       48.242001
  6        -26.577101      -67.244797       47.660702
  6        -23.677700      -70.514099       48.665001
  6        -24.188200      -69.488197       49.955898
  6        -26.228201      -71.053200       48.464001
  6        -27.469101      -69.794601       48.124699
  6        -26.036600      -70.502998       50.610802
  6        -24.694901      -68.375702       46.202599
  6        -26.222601      -69.233704       46.089199
  6        -22.569500      -69.766197       44.716301
  6        -23.714300      -71.219597       42.286201
  6        -22.207001      -70.348701       42.316898
  6        -22.985800      -66.467903       49.965401
  6        -20.294800      -67.252296       51.360199
  6        -21.264799      -65.709297       51.511501
  6        -23.492001      -64.960800       54.082100
  6        -21.117399      -66.788002       55.029099
  6        -20.972900      -65.042297       54.610901
